# HJD              Flux       Noise    
  2454280.710963   1.00017    5.56E-4  
  2454280.71128    0.99967    5.56E-4  
  2454280.711598   1.000294   5.56E-4  
  2454280.711916   0.998851   5.57E-4  
  2454280.712234   1.000071   5.56E-4  
  2454280.712549   0.999478   5.56E-4  
  2454280.712866   0.999971   5.56E-4  
  2454280.713184   1.000522   5.56E-4  
  2454280.713503   1.000451   5.56E-4  
  2454280.713817   0.998619   5.57E-4  
  2454280.714134   0.998363   5.57E-4  
  2454280.714451   1.000557   5.56E-4  
  2454280.714769   0.99895    5.57E-4  
  2454280.715087   0.999526   5.56E-4  
  2454280.715405   1.000532   5.56E-4  
  2454280.71572    1.000088   5.56E-4  
  2454280.716037   0.999476   5.56E-4  
  2454280.716355   1.000594   5.56E-4  
  2454280.716673   1.000513   5.56E-4  
  2454280.71699    1.000392   5.56E-4  
  2454280.717305   1.000914   5.56E-4  
  2454280.717622   0.999789   5.56E-4  
  2454280.71794    1.001034   5.56E-4  
  2454280.718258   0.998978   5.57E-4  
  2454280.718576   0.999838   5.56E-4  
  2454280.718894   0.999643   5.56E-4  
  2454280.719208   1.000635   5.56E-4  
  2454280.719526   1.000494   5.56E-4  
  2454280.719843   1.000348   5.56E-4  
  2454280.720161   1.000268   5.56E-4  
  2454280.720476   0.999457   5.56E-4  
  2454280.720794   0.999847   5.56E-4  
  2454280.721112   0.999753   5.56E-4  
  2454280.72143    1.001256   5.56E-4  
  2454280.721747   1.000237   5.56E-4  
  2454280.722062   1.000264   5.56E-4  
  2454280.722379   0.999768   5.56E-4  
  2454280.722696   0.999359   5.56E-4  
  2454280.723015   1.000809   5.56E-4  
  2454280.723333   1.000263   5.56E-4  
  2454280.723647   1.000482   5.56E-4  
  2454280.723964   0.999199   5.56E-4  
  2454280.724282   0.999614   5.56E-4  
  2454280.7246     1.000524   5.56E-4  
  2454280.724918   1.000278   5.56E-4  
  2454280.725235   1.001139   5.56E-4  
  2454280.725551   0.999797   5.56E-4  
  2454280.725869   0.998488   5.57E-4  
  2454280.726187   1.000681   5.56E-4  
  2454280.726501   0.99946    5.56E-4  
  2454280.726818   0.999493   5.56E-4  
  2454280.727135   0.999643   5.56E-4  
  2454280.727453   1.000031   5.56E-4  
  2454280.727771   1.000161   5.56E-4  
  2454280.728404   0.999491   5.56E-4  
  2454280.728721   1.00001    5.56E-4  
  2454280.729039   1.000658   5.56E-4  
  2454280.729357   1.000533   5.56E-4  
  2454280.729672   1.000887   5.56E-4  
  2454280.729989   0.999538   5.56E-4  
  2454280.730307   1.001723   5.56E-4  
  2454280.730624   1.000395   5.56E-4  
  2454280.730943   0.999575   5.56E-4  
  2454280.731257   1.000949   5.56E-4  
  2454280.731575   0.999505   5.56E-4  
  2454280.731892   0.999589   5.56E-4  
  2454280.73221    1.000837   5.56E-4  
  2454280.732528   0.999721   5.56E-4  
  2454280.732843   0.999648   5.56E-4  
  2454280.73316    0.999582   5.56E-4  
  2454280.733478   1.000536   5.56E-4  
  2454280.733796   1.001314   5.56E-4  
  2454280.734114   1.000665   5.56E-4  
  2454280.734429   0.999257   5.56E-4  
  2454280.734746   0.999485   5.56E-4  
  2454280.735063   0.999371   5.56E-4  
  2454280.735381   0.999329   5.56E-4  
  2454280.735699   1.000417   5.56E-4  
  2454280.736016   0.999812   5.56E-4  
  2454280.736331   0.999367   5.56E-4  
  2454280.736649   1.000846   5.56E-4  
  2454280.736967   1.000546   5.56E-4  
  2454280.737285   0.998843   5.57E-4  
  2454280.737599   0.999903   5.56E-4  
  2454280.737917   1.000946   5.56E-4  
  2454280.738234   0.999743   5.56E-4  
  2454280.738552   1.001087   5.56E-4  
  2454280.73887    0.998471   5.57E-4  
  2454280.739185   1.0004     5.56E-4  
  2454280.739502   0.999645   5.56E-4  
  2454280.739819   0.999722   5.56E-4  
  2454280.740137   0.999705   5.56E-4  
  2454280.740455   1.000975   5.56E-4  
  2454280.740773   1.000553   5.56E-4  
  2454280.741088   1.001065   5.56E-4  
  2454280.741405   0.999108   5.56E-4  
  2454280.741723   0.999605   5.56E-4  
  2454280.742041   0.998458   5.57E-4  
  2454280.742359   1.000647   5.56E-4  
  2454280.742673   1.001049   5.56E-4  
  2454280.74299    0.999791   5.56E-4  
  2454280.743308   0.9989     5.57E-4  
  2454280.743627   1.000253   5.56E-4  
  2454280.743941   0.998994   5.57E-4  
  2454280.744258   1.00081    5.56E-4  
  2454280.744576   1.000281   5.56E-4  
  2454280.744894   1.000235   5.56E-4  
  2454280.745213   1.000355   5.56E-4  
  2454280.745527   0.99873    5.57E-4  
  2454280.745844   0.999424   5.56E-4  
  2454280.746162   0.999679   5.56E-4  
  2454280.746479   0.998719   5.57E-4  
  2454280.746798   1.000308   5.56E-4  
  2454280.747115   0.999452   5.56E-4  
  2454280.747429   0.999629   5.56E-4  
  2454280.747747   0.999143   5.56E-4  
  2454280.748064   1.000142   5.56E-4  
  2454280.748382   1.000721   5.56E-4  
  2454280.7487     0.999745   5.56E-4  
  2454280.749017   0.999705   5.56E-4  
  2454280.749334   0.999657   5.56E-4  
  2454280.749652   0.999628   5.56E-4  
  2454280.749969   0.999859   5.56E-4  
  2454280.750283   1.000937   5.56E-4  
  2454280.750601   1.001083   5.56E-4  
  2454280.750918   0.998976   5.57E-4  
  2454280.751236   0.999739   5.56E-4  
  2454280.751554   0.99921    5.56E-4  
  2454280.751869   0.999775   5.56E-4  
  2454280.752186   1.000129   5.56E-4  
  2454280.752504   1.000141   5.56E-4  
  2454280.752821   0.999467   5.56E-4  
  2454280.75314    1.000049   5.56E-4  
  2454280.753455   1.001298   5.56E-4  
  2454280.753772   0.999715   5.56E-4  
  2454280.754089   1.000646   5.56E-4  
  2454280.754407   1.000469   5.56E-4  
  2454280.754725   0.999794   5.56E-4  
  2454280.75504    1.000414   5.56E-4  
  2454280.755357   0.999841   5.56E-4  
  2454280.755992   0.99988    5.56E-4  
  2454280.75631    1.000438   5.56E-4  
  2454280.756628   1.001017   5.56E-4  
  2454280.756944   1.001247   5.56E-4  
  2454280.757261   0.999468   5.56E-4  
  2454280.757579   1.000375   5.56E-4  
  2454280.757896   0.999422   5.56E-4  
  2454280.758211   0.99932    5.56E-4  
  2454280.758528   0.999838   5.56E-4  
  2454280.758845   0.99993    5.56E-4  
  2454280.759163   1.000192   5.56E-4  
  2454280.759482   0.999784   5.56E-4  
  2454280.759799   1.001643   5.56E-4  
  2454280.760114   1.000929   5.56E-4  
  2454280.760431   1.000737   5.56E-4  
  2454280.760749   1.000446   5.56E-4  
  2454280.761066   1.000145   5.56E-4  
  2454280.761384   0.999935   5.56E-4  
  2454280.761699   0.999171   5.56E-4  
  2454280.762017   0.999705   5.56E-4  
  2454280.762334   0.999213   5.56E-4  
  2454280.762653   0.999213   5.56E-4  
  2454280.762967   0.999501   5.56E-4  
  2454280.763285   0.997324   5.57E-4  
  2454280.763602   0.99687    5.57E-4  
  2454280.76392    0.997564   5.57E-4  
  2454280.764238   0.997662   5.57E-4  
  2454280.764555   0.997672   5.57E-4  
  2454280.76487    0.996823   5.57E-4  
  2454280.765188   0.997112   5.57E-4  
  2454280.765505   0.995773   5.57E-4  
  2454280.765823   0.996191   5.57E-4  
  2454280.766141   0.99579    5.57E-4  
  2454280.766459   0.995271   5.58E-4  
  2454280.766773   0.995449   5.57E-4  
  2454280.76709    0.997242   5.57E-4  
  2454280.767408   0.995618   5.57E-4  
  2454280.767726   0.995601   5.57E-4  
  2454280.768043   0.995062   5.58E-4  
  2454280.76836    0.993788   5.58E-4  
  2454280.768677   0.993769   5.58E-4  
  2454280.768995   0.993898   5.58E-4  
  2454280.769309   0.994382   5.58E-4  
  2454280.769627   0.994521   5.58E-4  
  2454280.769944   0.994048   5.58E-4  
  2454280.770262   0.992937   5.58E-4  
  2454280.770583   0.993493   5.58E-4  
  2454280.770895   0.994678   5.58E-4  
  2454280.771212   0.99346    5.58E-4  
  2454280.771529   0.993384   5.58E-4  
  2454280.771847   0.992688   5.58E-4  
  2454280.772165   0.992634   5.58E-4  
  2454280.772483   0.993437   5.58E-4  
  2454280.772798   0.993204   5.58E-4  
  2454280.773115   0.993029   5.58E-4  
  2454280.773433   0.992699   5.58E-4  
  2454280.77375    0.9936     5.58E-4  
  2454280.774068   0.993171   5.58E-4  
  2454280.774383   0.994369   5.58E-4  
  2454280.7747     0.993405   5.58E-4  
  2454280.775018   0.993117   5.58E-4  
  2454280.775336   0.992663   5.58E-4  
  2454280.775654   0.993515   5.58E-4  
  2454280.775969   0.992282   5.58E-4  
  2454280.776286   0.992517   5.58E-4  
  2454280.776604   0.993546   5.58E-4  
  2454280.776923   0.993317   5.58E-4  
  2454280.777554   0.992668   5.58E-4  
  2454280.777871   0.993293   5.58E-4  
  2454280.778189   0.993169   5.58E-4  
  2454280.778507   0.992695   5.58E-4  
  2454280.778825   0.993252   5.58E-4  
  2454280.77914    0.993561   5.58E-4  
  2454280.779457   0.993711   5.58E-4  
  2454280.779775   0.992372   5.58E-4  
  2454280.780093   0.994609   5.58E-4  
  2454280.78041    0.994468   5.58E-4  
  2454280.780725   0.992673   5.58E-4  
  2454280.781043   0.994615   5.58E-4  
  2454280.78136    0.992842   5.58E-4  
  2454280.781678   0.993612   5.58E-4  
  2454280.781996   0.993388   5.58E-4  
  2454280.782312   0.993279   5.58E-4  
  2454280.782629   0.993117   5.58E-4  
  2454280.782947   0.992969   5.58E-4  
  2454280.783265   0.993383   5.58E-4  
  2454280.783579   0.993361   5.58E-4  
  2454280.783896   0.993958   5.58E-4  
  2454280.784214   0.99241    5.58E-4  
  2454280.784532   0.993138   5.58E-4  
  2454280.78485    0.993315   5.58E-4  
  2454280.785164   0.992849   5.58E-4  
  2454280.785482   0.993649   5.58E-4  
  2454280.785799   0.993312   5.58E-4  
  2454280.786117   0.993159   5.58E-4  
  2454280.786435   0.994288   5.58E-4  
  2454280.78675    0.993598   5.58E-4  
  2454280.787067   0.994081   5.58E-4  
  2454280.787384   0.992823   5.58E-4  
  2454280.787702   0.992728   5.58E-4  
  2454280.788338   0.992905   5.58E-4  
  2454280.788655   0.993009   5.58E-4  
  2454280.788972   0.992518   5.58E-4  
  2454280.789289   0.994879   5.58E-4  
  2454280.789607   0.993403   5.58E-4  
  2454280.789921   0.993304   5.58E-4  
  2454280.790238   0.99226    5.58E-4  
  2454280.790555   0.992498   5.58E-4  
  2454280.790874   0.992035   5.58E-4  
  2454280.791192   0.994061   5.58E-4  
  2454280.791509   0.992798   5.58E-4  
  2454280.791824   0.99272    5.58E-4  
  2454280.792141   0.994049   5.58E-4  
  2454280.792459   0.99379    5.58E-4  
  2454280.792778   0.992897   5.58E-4  
  2454280.793092   0.992761   5.58E-4  
  2454280.793409   0.9926     5.58E-4  
  2454280.793727   0.994461   5.58E-4  
  2454280.794044   0.993757   5.58E-4  
  2454280.794363   0.993751   5.58E-4  
  2454280.794677   0.994698   5.58E-4  
  2454280.794995   0.994476   5.58E-4  
  2454280.795312   0.995217   5.58E-4  
  2454280.79563    0.99609    5.57E-4  
  2454280.795948   0.994431   5.58E-4  
  2454280.796265   0.996301   5.57E-4  
  2454280.79658    0.995654   5.57E-4  
  2454280.796897   0.996207   5.57E-4  
  2454280.797215   0.995549   5.57E-4  
  2454280.797533   0.997462   5.57E-4  
  2454280.797851   0.99728    5.57E-4  
  2454280.798165   0.996875   5.57E-4  
  2454280.798483   0.99764    5.57E-4  
  2454280.798801   0.997504   5.57E-4  
  2454280.799118   0.99753    5.57E-4  
  2454280.799436   0.997239   5.57E-4  
  2454280.799751   0.999235   5.56E-4  
  2454280.800069   0.999404   5.56E-4  
  2454280.800387   0.999616   5.56E-4  
  2454280.800705   0.999486   5.56E-4  
  2454280.801019   0.999579   5.56E-4  
  2454280.801337   0.999197   5.56E-4  
  2454280.801972   1.000475   5.56E-4  
  2454280.80229    0.999523   5.56E-4  
  2454280.802605   0.998672   5.57E-4  
  2454280.803239   0.999888   5.56E-4  
  2454280.803557   0.999515   5.56E-4  
  2454280.803875   1.000709   5.56E-4  
  2454280.804193   0.999703   5.56E-4  
  2454280.804508   1.000288   5.56E-4  
  2454280.804825   0.999446   5.56E-4  
  2454280.805143   1.000247   5.56E-4  
  2454280.805461   1.00012    5.56E-4  
  2454280.805779   0.999957   5.56E-4  
  2454280.806093   1.000015   5.56E-4  
  2454280.806411   1.000073   5.56E-4  
  2454280.806728   0.999797   5.56E-4  
  2454280.807047   0.999349   5.56E-4  
  2454280.807362   1.000746   5.56E-4  
  2454280.807679   0.999463   5.56E-4  
  2454280.807996   0.999927   5.56E-4  
  2454280.808314   0.999354   5.56E-4  
  2454280.808633   1.0012     5.56E-4  
  2454280.808947   0.999911   5.56E-4  
  2454280.809264   0.999965   5.56E-4  
  2454280.809582   1.000844   5.56E-4  
  2454280.809899   1.000343   5.56E-4  
  2454280.810218   0.999809   5.56E-4  
  2454280.81085    1.000115   5.56E-4  
  2454280.811167   0.999493   5.56E-4  
  2454280.811484   1.000128   5.56E-4  
  2454280.811802   1.000163   5.56E-4  
  2454280.81212    1.000629   5.56E-4  
  2454280.812438   1.000234   5.56E-4  
  2454280.812752   0.999375   5.56E-4  
  2454280.81307    1.00022    5.56E-4  
  2454280.813387   1.000156   5.56E-4  
  2454280.813705   0.999671   5.56E-4  
  2454280.814024   0.999343   5.56E-4  
  2454280.814338   0.998585   5.57E-4  
  2454280.814656   1.000735   5.56E-4  
  2454280.814974   0.999442   5.56E-4  
  2454280.815292   1.000849   5.56E-4  
  2454280.815606   0.999472   5.56E-4  
  2454280.815924   1.000944   5.56E-4  
  2454280.816241   1.000497   5.56E-4  
  2454280.81656    1.000632   5.56E-4  
  2454280.816875   0.999517   5.56E-4  
  2454280.817192   0.999626   5.56E-4  
  2454280.817509   0.99949    5.56E-4  
  2454280.817827   0.999666   5.56E-4  
  2454280.818145   0.999146   5.56E-4  
  2454280.818462   0.999613   5.56E-4  
  2454280.818777   0.999654   5.56E-4  
  2454280.819094   0.999714   5.56E-4  
  2454280.819412   0.999999   5.56E-4  
  2454280.81973    0.999732   5.56E-4  
  2454280.820047   0.999411   5.56E-4  
  2454280.82068    1.000427   5.56E-4  
  2454280.820998   0.999808   5.56E-4  
  2454280.821315   0.999801   5.56E-4  
  2454280.821633   0.999493   5.56E-4  
  2454280.821948   0.999914   5.56E-4  
  2454280.822265   1.000587   5.56E-4  
  2454280.822583   1.001571   5.56E-4  
  2454280.822901   1.000822   5.56E-4  
  2454280.823219   1.000448   5.56E-4  
  2454280.823534   1.000623   5.56E-4  
  2454280.823851   1.000149   5.56E-4  
  2454280.824487   0.999687   5.56E-4  
  2454280.824802   0.999672   5.56E-4  
  2454280.825119   0.998712   5.57E-4  
  2454280.825754   1.00034    5.56E-4  
  2454280.826073   1.00013    5.56E-4  
  2454280.826387   1.001173   5.56E-4  

