# Time_(days) RV_(m/s) Error Phase               
  11552.077   5.84     2.3   0.0                 
  11583.948   0.67     2.0   0.054540640720528444
  11706.865   -12.05   2.6   0.5453307613754177  
  11983.015   9.48     2.8   0.99330534437766    
  12064.871   12.76    2.9   0.9536291085138942  
  12308.084   19.86    2.5   0.9438707969293318  
  12333.038   -26.89   3.4   0.3822005370857937  
  12334.054   17.15    2.4   0.7664813343926653  
  12334.935   -1.45    2.7   0.09970119898639496 
  12363.039   13.43    2.9   0.7294527024476452  
  12681.057   11.36    2.9   0.013124550853433448
  12711.898   0.0      2.4   0.6780891864291334  
  12712.902   5.14     2.7   0.05783123416193803 
  12804.878   18.86    2.6   0.8458338061202539  
  12805.829   -7.21    2.4   0.20552970989842834 
  12828.8     14.85    2.5   0.8938310828700082  
  12832.758   -21.88   2.4   0.39086198419022367 
  12833.763   13.01    2.4   0.7709822610543142  
  12834.779   -3.56    3.0   0.1552630583611858  
  12848.752   -21.18   2.6   0.44025870872616224 
  12849.762   17.95    2.1   0.8222701312460003  
  12850.764   -3.77    2.1   0.20125572071560782 
  12988.146   -6.43    1.2   0.16313022429039847 
  12989.146   -16.33   1.8   0.5413593554981162  
  13015.141   -13.13   1.5   0.3734256212414948  
  13016.073   11.1     1.5   0.7259351715273397  
  13017.046   2.74     1.6   0.09395211619232668 
  13018.142   -7.65    1.8   0.5084912439958771  
  13044.113   -18.32   1.5   0.33148001059043963 
  13045.018   -1.57    1.5   0.6737773743336675  
  13045.985   6.91     1.4   0.03952494421173469 
  13069.032   14.71    1.5   0.756571731154736   
  13073.991   -0.89    1.9   0.6322099928139551  
  13077.066   16.3     2.7   0.7952645712778121  
  13153.817   22.57    2.0   0.8247286205983073  
  13179.759   -4.15    2.6   0.6367487423884768  
  13180.803   8.51     2.3   0.03161995536925133 
  13181.746   -11.2    2.0   0.3882900260978204  
  13189.787   -20.17   1.7   0.4296304701391591  
  13190.754   12.47    1.8   0.7953780400172263  
  13195.767   0.19     1.7   0.6914406747609974  
  13196.772   -7.03    2.0   0.07156095162508791 
  13339.14    26.74    2.5   0.9192859034003504  
  13340.129   -6.55    2.2   0.2933545141652303  
  13370.133   4.71     2.9   0.6417413669203142  
  13401.055   -12.44   2.5   0.33734256212449054 
  13483.876   4.43     2.4   0.6626574378761916  
  13693.112   18.49    2.2   0.8018079352470977  
  13695.138   -3.55    1.8   0.5681001550744895  
  13724.143   -1.82    2.8   0.5386361057531985  
  13725.12    21.84    2.6   0.9081659669433293  
  13748.059   3.06     2.4   0.5843640077158625  
  13753.075   -7.75    2.4   0.4815613298542303  
  13754.04    28.81    2.6   0.846552441469612   
  13776.052   -8.42    2.2   0.17213207761278682 
  13777.023   -10.13   2.2   0.5393925640153157  
  13807.02    21.15    2.5   0.8851318128527055  
  13841.887   6.84     2.3   0.07284693067117587 
  13933.781   23.54    2.6   0.8298347138702411  
